1.4594371695662054
