1.4008718721940376
