1.1427250849221715
