4.099162444537846
