2.076080590085754
